time	pitch	roll	yaw
0	0	0	0
3.15544E-30	0	0	0
7.12508E-05	1.57006E-12	0	3.8552E-10
0.000142502	6.76952E-12	0	1.65057E-09
0.000213752	1.77712E-11	0	4.30189E-09
0.000622783	3.33106E-10	0	7.54399E-08
0.001031813	1.3006E-09	0	2.84106E-07
0.001440844	3.31368E-09	0	6.98563E-07
0.001849874	6.78396E-09	0	1.37989E-06
0.002618874	1.86311E-08	0	3.54262E-06
0.003387874	3.97563E-08	0	7.08485E-06
0.004156875	7.28991E-08	0	1.21971E-05
0.004925875	1.20762E-07	0	1.90046E-05
0.005694875	1.86009E-07	0	2.75916E-05
0.006721099	3.04731E-07	0	4.19197E-05
0.007747324	4.65352E-07	0	5.96188E-05
0.008773548	6.74053E-07	0	8.07484E-05
0.009799772	9.36961E-07	0	0.000105342
0.010825997	1.26014E-06	0	0.000133416
0.01301695	2.17941E-06	0	0.000205037
0.015207904	3.4584E-06	0	0.000292595
0.017398858	5.15376E-06	0	0.000396063
0.019589812	7.32094E-06	0	0.000515388
0.021780765	1.00143E-05	0	0.000650512
0.030358839	2.66035E-05	0	0.001330481
0.038936912	5.50983E-05	0	0.00224822
0.047514986	9.83368E-05	0	0.003400095
0.05609306	0.000158933	0	0.004782422
0.064671133	0.000239295	0	0.006391487
0.084859197	0.000518423	0	0.011051504
0.105047261	0.000944359	0	0.016897207
0.125235324	0.001538326	0	0.02387877
0.145423388	0.002317455	0	0.031946087
0.165611452	0.003295558	0	0.041049078
0.200534285	0.005487262	0	0.059096068
0.235457117	0.008349397	0	0.079840337
0.27037995	0.011909734	0	0.103034991
0.305302782	0.016183311	0	0.128442268
0.340225614	0.021176423	0	0.155835329
0.40220636	0.03180468	0	0.208695536
0.464187105	0.044669289	0	0.266047575
0.5	0.053099972	0	0.300853265
0.5	0.053099972	0	0.300853265
0.5	0.053099972	0	0.300853265
0.500914052	0.053324768	0	0.301755306
0.501828104	0.053550016	0	0.302657982
0.502742156	0.053775727	0	0.303561304
0.503656208	0.054001902	0	0.304465272
0.507312416	0.05491088	0	0.308087057
0.510968624	0.055827085	0	0.311718748
0.514624832	0.056750624	0	0.315360361
0.51828104	0.057681527	0	0.319011796
0.526987227	0.059927763	0	0.327744984
0.535693413	0.062215498	0	0.336530863
0.544399599	0.064544525	0	0.3453674
0.553105786	0.066914628	0	0.354252554
0.569659394	0.0715336	0	0.371273787
0.586213003	0.076298792	0	0.388450658
0.602766611	0.081208652	0	0.405770404
0.61932022	0.086261623	0	0.423220998
0.635873828	0.091456142	0	0.440791103
0.659174363	0.099004676	0	0.465704553
0.682474897	0.106826182	0	0.490805553
0.705775431	0.114916285	0	0.516068069
0.729075966	0.123270622	0	0.541468172
0.7523765	0.131884855	0	0.566983894
0.798169757	0.149555494	0	0.617393862
0.843963013	0.168181212	0	0.668040966
0.88975627	0.187730472	0	0.718813665
0.935549526	0.208172549	0	0.769622419
0.981342783	0.229477584	0	0.820396262
1	0.238398893	0	0.841066129
1	0.238398893	0	0.841066129
1	0.238398893	4.11928E-19	0.841066129
1.00000566	0.23840162	1.64846E-10	0.841072394
1.00001132	0.238404347	5.20264E-10	0.841078659
1.000016979	0.238407074	1.07026E-09	0.841084925
1.000033959	0.238415255	3.78133E-09	0.841103721
1.000050938	0.238423437	8.19418E-09	0.841122517
1.000067917	0.238431618	1.43478E-08	0.841141313
1.000084897	0.238439799	2.22557E-08	0.84116011
1.000169793	0.238480708	8.81449E-08	0.84125409
1.00025469	0.23852162	1.97918E-07	0.84134807
1.000339586	0.238562535	3.51546E-07	0.84144205
1.000424483	0.238603453	5.48996E-07	0.84153603
1.000848966	0.238808083	2.19244E-06	0.842005921
1.001273449	0.239012784	4.92652E-06	0.842475804
1.001697932	0.239217555	8.74712E-06	0.842945676
1.002122415	0.239422397	1.36502E-05	0.84341554
1.002546899	0.23962731	1.96316E-05	0.843885393
1.003176743	0.239931487	3.04853E-05	0.844582541
1.003806588	0.24023582	4.3691E-05	0.845279667
1.004436432	0.240540308	5.92358E-05	0.845976771
1.005066277	0.240844951	7.71065E-05	0.846673855
1.005696122	0.241149749	9.72902E-05	0.847370916
1.006630805	0.241602351	0.000131478	0.848405308
1.007565488	0.242055294	0.000170689	0.849439652
1.00850017	0.242508578	0.000214882	0.850473948
1.009434853	0.242962203	0.000264016	0.851508194
1.010369536	0.243416167	0.000318049	0.852542392
1.011874172	0.244147665	0.00041522	0.85420712
1.013378808	0.244880043	0.000524814	0.855871719
1.014883443	0.2456133	0.000646665	0.857536186
1.016388079	0.246347435	0.000780611	0.85920052
1.017892715	0.247082447	0.000926488	0.860864721
1.021273253	0.248737026	0.001296669	0.864603264
1.024653792	0.250396015	0.00172447	0.868341108
1.02803433	0.252059404	0.002208214	0.87207824
1.031414868	0.253727181	0.002746221	0.875814643
1.039280549	0.257624592	0.004196407	0.884505419
1.047146229	0.26154556	0.005911858	0.893192008
1.05501191	0.265489949	0.007874568	0.901874252
1.06287759	0.269457622	0.010067155	0.910551998
1.082956525	0.279690675	0.01660319	0.932682604
1.103035461	0.290072324	0.024294047	0.954780862
1.123114396	0.300600325	0.032930368	0.97684493
1.143193332	0.311272476	0.042337877	0.998873311
1.163272267	0.322086615	0.05237066	1.020864814
1.193011229	0.338359831	0.068127223	1.053366897
1.22275019	0.354933065	0.084658367	1.085784026
1.252489151	0.371799661	0.101704518	1.118115098
1.282228113	0.388953113	0.119067168	1.150359922
1.311967074	0.406387056	0.136592967	1.18251906
1.351076146	0.429730611	0.159697068	1.224682572
1.390185218	0.453534699	0.182674887	1.266703965
1.429294289	0.477785901	0.205381927	1.308588401
1.468403361	0.502471193	0.227720664	1.350341985
1.507512433	0.52757793	0.249625232	1.391971445
1.563202426	0.564032397	0.279988573	1.45105025
1.61889242	0.601282355	0.309308781	1.509912763
1.674582414	0.639294926	0.337554481	1.568580004
1.730272407	0.678038629	0.364724904	1.627072393
1.785962401	0.717483282	0.390835509	1.685409197
1.884325153	0.788777878	0.434444767	1.788119071
1.982687906	0.862019126	0.474989154	1.890483201
2.081050658	0.937066704	0.512657044	1.992571812
2.179413411	1.013790811	0.54764239	2.094439181
2.277776163	1.09207109	0.580130761	2.196125727
2.404163433	1.194761155	0.61848595	2.326562869
2.530550702	1.299618576	0.65334672	2.456791456
2.656937971	1.406444698	0.685028681	2.586837524
2.783325241	1.515059589	0.71381996	2.71671571
2.90971251	1.625299868	0.739982972	2.846434508
3.10971251	1.802718333	0.776578759	3.051393715
3.30971251	1.983317828	0.808024368	3.255986531
3.50971251	2.166647304	0.835047884	3.460230077
3.70971251	2.352322587	0.85827051	3.66414343
3.90971251	2.54001443	0.878225108	3.86774842
4.10971251	2.729439421	0.89537055	4.071068063
4.30971251	2.92035355	0.910102046	4.274124763
4.50971251	3.112547029	0.922759493	4.476939391
4.70971251	3.305839665	0.933634916	4.67953115
4.90971251	3.500076694	0.942979174	4.881917729
5.10971251	3.69512516	0.951007799	5.084115441
5.30971251	3.890870818	0.957906	5.286139311
5.50971251	4.087215502	0.963832931	5.488003143
5.70971251	4.284074866	0.968925343	5.689719614
5.90971251	4.48137644	0.973300736	5.89130038
6.10971251	4.67905796	0.977060065	6.092756165
6.30971251	4.877065929	0.980290073	6.29409685
6.50971251	5.075354382	0.983065287	6.495331532
6.70971251	5.273883826	0.985449744	6.696468593
6.90971251	5.472620329	0.987498463	6.897515751
7.10971251	5.671534735	0.989258716	7.098480114
7.30971251	5.870601997	0.990771121	7.299368227
7.50971251	6.069800591	0.992070575	7.500186119
7.70971251	6.269112025	0.993187061	7.700939343
7.90971251	6.468520412	0.994146344	7.901633012
8.10971251	6.668012099	0.994970556	8.102271835
8.30971251	6.867575358	0.995678717	8.302860147
8.50971251	7.067200112	0.996287166	8.503401943
8.70971251	7.266877702	0.996809944	8.703900902
8.90971251	7.466600687	0.997259114	8.904360408
9.10971251	7.666362678	0.997645039	9.104783583
9.30971251	7.866158181	0.997976624	9.305173299
9.50971251	8.065982477	0.998261522	9.505532201
9.70971251	8.265831513	0.998506305	9.705862726
9.90971251	8.465701806	0.998716622	9.906167117
10	8.555936858	0.998801647	9.99658403
